9 -3.0517578E-5 0.0 -234.16013 0.0 0.0 0.0 10.0 false 0.0 0.0 0.0
4 500.14697 -50.0 -415.03265 0.0 0.0 0.0 4.0 true 6.0 4.0 6.0
4 488.48895 -50.0 -401.46173 0.0 0.0 0.0 4.0 true 6.0 4.0 6.0
4 479.94165 -50.0 -384.25195 0.0 0.0 0.0 4.0 true 6.0 4.0 6.0
4 449.1317 -50.0 -416.177 0.0 0.0 0.0 4.0 true 6.0 4.0 6.0
4 431.07486 -50.0 -441.66364 0.0 0.0 0.0 4.0 true 6.0 4.0 6.0
4 429.5015 -50.0 -461.2773 0.0 0.0 0.0 4.0 true 6.0 4.0 6.0
4 441.84174 -50.0 -466.06934 0.0 0.0 0.0 4.0 true 6.0 4.0 6.0
4 455.46753 -49.999996 -464.79645 0.0 0.0 0.0 4.0 true 6.0 4.0 6.0
4 447.72263 -50.0 -365.3512 0.0 0.0 0.0 4.0 true 6.0 4.0 6.0
4 422.3902 -50.0 -387.87695 0.0 0.0 0.0 4.0 true 6.0 4.0 6.0
4 399.49435 -50.0 -400.0 0.0 0.0 0.0 4.0 true 6.0 4.0 6.0
4 373.5317 -50.0 -415.6077 0.0 0.0 0.0 4.0 true 6.0 4.0 6.0
4 355.91974 -50.0 -428.3194 0.0 0.0 0.0 4.0 true 6.0 4.0 6.0
4 334.07755 -50.0 -386.98773 0.0 0.0 0.0 4.0 true 6.0 4.0 6.0
4 315.7871 -50.0 -337.62378 0.0 0.0 0.0 4.0 true 6.0 4.0 6.0
4 289.28253 -49.999996 -278.24835 0.0 0.0 0.0 4.0 true 6.0 4.0 6.0
8 435.28952 -49.999996 -485.52057 0.0 0.0 0.0 5.0 true 5.0 5.0 5.0
8 424.76645 -50.0 -483.91464 0.0 0.0 0.0 5.0 true 5.0 5.0 5.0
8 398.06262 -50.0 -471.3058 0.0 0.0 0.0 5.0 true 5.0 5.0 5.0
8 408.5747 -50.0 -476.1295 0.0 0.0 0.0 5.0 true 5.0 5.0 5.0
8 388.23773 -50.0 -466.2471 0.0 0.0 0.0 5.0 true 5.0 5.0 5.0
8 376.99454 -50.0 -463.08325 0.0 0.0 0.0 5.0 true 5.0 5.0 5.0
8 357.0924 -49.999996 -457.58517 0.0 0.0 0.0 5.0 true 5.0 5.0 5.0
8 329.79272 -50.0 -443.98694 0.0 0.0 0.0 5.0 true 5.0 5.0 5.0
8 308.6803 -50.0 -435.84985 0.0 0.0 0.0 5.0 true 5.0 5.0 5.0
8 337.84857 -50.0 -450.82727 0.0 0.0 0.0 5.0 true 5.0 5.0 5.0
8 317.31317 -50.0 -438.1177 0.0 0.0 0.0 5.0 true 5.0 5.0 5.0
8 283.59503 -50.0 -411.45718 0.0 0.0 0.0 5.0 true 5.0 5.0 5.0
8 291.5669 -50.0 -428.7693 0.0 0.0 0.0 5.0 true 5.0 5.0 5.0
8 291.5669 -50.0 -428.7693 0.0 0.0 0.0 5.0 true 5.0 5.0 5.0
